33,570.5
34,569
34,569
35,567.5
35,567.5
36,567
36,567
36,567
36,566
37,565.5
36,566
36,565
36,565
37,564.5
36,564
37,563.5
37,563.5
38,563
38,563
38,563
38,562
38,562
38,562
38,562
40,561
39,560.5
39,560.5
39,560.5
41,559.5
39,559.5
40,559
39,558.5
39,558.5
40,558
42,558
41,557.5
41,557.5
41,557.5
42,557
41,556.5
42,557
42,556
42,555
42,555
42,555
43,554.5
43,554.5
43,554.5
43,554.5
44,554
43,553.5
44,553
44,553
44,553
45,552.5
45,552.5
45,551.5
45,551.5
45,550.5
46,550
47,548.5
48,547
48,547
49,544.5
51,540.5
52,534
54,533
54,532
55,530.5
56,528
55,526.5
57,524.5
58,523
57,522.5
57,520.5
58,520
59,519.5
59,518.5
59,517.5
60,516
60,515
60,510
63,503.5
64,502
64,501
65,499.5
65,498.5
64,498
66,496
67,494.5
67,493.5
67,491.5
69,490.5
69,489.5
69,487.5
69,485.5
69,484.5
71,483.5
71,481.5
70,480
71,477.5
73,476.5
73,475.5
74,472
75,468.5
75,466.5
74,466
76,463
75,462.5
77,458.5
77,456.5
78,455
78,453
78,451
79,449.5
80,447
81,445.5
83,438.5
84,432
85,424.5
88,417
109,310.5
112,291
114,269
14,580
116,261
108,248
108,239
108,230
119,225.5
123,194.5
125,169.5
127,156.5
14,576
14,576
14,575
14,575
13,574.5
15,574.5
14,575
14,574
14,574
14,574
15,574.5
15,574.5
15,574.5
16,574
16,574
16,574
16,574
16,574
16,574
16,574
15,572.5
16,573
16,573
17,572.5
17,571.5
17,571.5
17,571.5
17,571.5
17,570.5
17,570.5
17,569.5
17,569.5
17,569.5
17,569.5
17,569.5
17,569.5
17,569.5
17,568.5
17,568.5
17,568.5
17,568.5
17,568.5
18,568
18,568
17,567.5
17,567.5
17,567.5
17,567.5
17,567.5
18,567
18,567
18,567
18,567
18,567
18,567
18,567
19,566.5
18,566
18,566
17,565.5
18,565
18,565
19,565.5
19,564.5
19,564.5
18,564
19,563.5
18,563
19,562.5
18,562
19,561.5
19,561.5
20,561
19,560.5
33,570.5
34,569
34,569
35,567.5
35,567.5
36,567
36,567
36,567
36,566
37,565.5
36,566
36,565
36,565
37,564.5
36,564
37,563.5
37,563.5
38,563
38,563
38,563
38,562
38,562
38,562
38,562
40,561
39,560.5
39,560.5
39,560.5
41,559.5
39,559.5
40,559
39,558.5
39,558.5
40,558
42,558
41,557.5
41,557.5
41,557.5
42,557
41,556.5
42,557
42,556
42,555
42,555
42,555
43,554.5
43,554.5
43,554.5
43,554.5
44,554
43,553.5
44,553
44,553
44,553
45,552.5
45,552.5
45,551.5
45,551.5
45,550.5
46,550
47,548.5
48,547
48,547
49,544.5
51,540.5
52,534
54,533
54,532
55,530.5
56,528
55,526.5
57,524.5
58,523
57,522.5
57,520.5
58,520
59,519.5
59,518.5
59,517.5
60,516
60,515
60,510
63,503.5
64,502
64,501
65,499.5
65,498.5
64,498
66,496
67,494.5
67,493.5
67,491.5
69,490.5
69,489.5
69,487.5
69,485.5
69,484.5
71,483.5
71,481.5
70,480
71,477.5
73,476.5
73,475.5
74,472
75,468.5
75,466.5
74,466
76,463
75,462.5
77,458.5
77,456.5
78,455
78,453
78,451
79,449.5
80,447
81,445.5
83,438.5
84,432
85,424.5
88,417
109,310.5
112,291
114,269
14,580
116,261
108,248
108,239
108,230
119,225.5
123,194.5
125,169.5
127,156.5
14,576
14,576
14,575
14,575
13,574.5
15,574.5
14,575
14,574
14,574
14,574
15,574.5
15,574.5
15,574.5
16,574
16,574
16,574
16,574
16,574
16,574
16,574
15,572.5
16,573
16,573
17,572.5
17,571.5
17,571.5
17,571.5
17,571.5
17,570.5
17,570.5
17,569.5
17,569.5
17,569.5
17,569.5
17,569.5
17,569.5
17,569.5
17,568.5
17,568.5
17,568.5
17,568.5
17,568.5
18,568
18,568
17,567.5
17,567.5
17,567.5
17,567.5
17,567.5
18,567
18,567
18,567
18,567
18,567
18,567
18,567
19,566.5
18,566
18,566
17,565.5
18,565
18,565
19,565.5
19,564.5
19,564.5
18,564
19,563.5
18,563
19,562.5
18,562
19,561.5
19,561.5
20,561
19,560.5
18,560
19,559.5
18,559
19,558.5
19,558.5
19,557.5
19,557.5
19,557.5
19,556.5
19,556.5
19,555.5
19,555.5
19,555.5
19,554.5
19,554.5
20,554
23,575.5
22,574
24,575
25,575.5
19,552.5
25,574.5
19,552.5
25,574.5
24,574
24,574
25,573.5
25,573.5
25,573.5
24,573
25,573.5
25,573.5
25,573.5
22,572
25,573.5
25,573.5
26,574
26,574
27,573.5
23,571.5
23,571.5
23,571.5
26,573
26,573
26,573
27,573.5
23,571.5
23,571.5
23,570.5
22,571
22,571
23,570.5
23,570.5
27,572.5
22,570
23,569.5
24,569
24,569
24,569
23,568.5
29,571.5
24,568
24,568
23,567.5
24,567
24,567
24,567
24,566
24,566
25,565.5
24,565
24,565
23,564.5
24,540
25,563.5
25,563.5
24,563
25,562.5
26,562
25,561.5
25,561.5
26,561
26,561
24,535
26,560
25,534.5
26,560
25,559.5
26,559
26,559
26,559
26,559
27,558.5
27,558.5
27,558.5
27,558.5
27,558.5
28,559
29,558.5
29,558.5
29,558.5
29,558.5
29,558.5
30,558
30,558
30,558
30,558
31,557.5
31,557.5
31,557.5
32,557
32,557
33,556.5
33,556.5
33,556.5
34,556
34,556
35,555.5
35,555.5
35,554.5
28,523
28,522
27,521.5
37,553.5
28,520
28,519
29,518.5
38,552
29,517.5
29,516.5
30,516
30,515
29,514.5
30,514
30,513
30,512
31,511.5
30,511
30,510
30,509
31,508.5
31,507.5
32,507
32,506
32,505
32,505
32,504
32,503
33,502.5
32,502
32,501
19,575.5
26,530
19,575.5
27,529.5
19,575.5
27,528.5
25,553.5
34,498
19,575.5
27,527.5
19,575.5
27,527.5
19,575.5
28,527
19,575.5
28,527
25,553.5
35,494.5
26,553
34,494
26,553
35,493.5
26,553
35,492.5
26,553
35,491.5
26,553
35,490.5
26,553
36,490
27,552.5
36,489
21,575.5
33,522.5
26,552
36,487
21,575.5
34,522
21,575.5
34,521
21,575.5
35,520.5
22,575
35,519.5
21,574.5
36,519
21,574.5
37,518.5
21,574.5
37,517.5
27,549.5
38,479
22,574
38,516
23,573.5
39,515.5
23,573.5
39,514.5
23,573.5
40,514
23,572.5
40,513
28,547
40,472
23,572.5
43,511.5
23,572.5
43,510.5
23,571.5
44,510
23,571.5
44,509
23,571.5
46,508
24,571
46,507
24,571
48,507
29,544.5
42,461
29,543.5
36,498
29,543.5
36,497
29,542.5
36,496
25,569.5
25,569.5
53,501.5
29,542.5
29,541.5
46,450
29,541.5
46,448
29,541.5
47,446.5
30,541
47,444.5
30,541
48,443
29,540.5
48,441
30,540
49,439.5
30,540
49,437.5
31,539.5
49,435.5
31,539.5
49,433.5
30,539
49,431.5
31,538.5
50,429
31,538.5
50,427
31,538.5
27,566.5
51,422.5
31,537.5
52,420
31,536.5
31,536.5
53,414.5
31,536.5
53,411.5
32,536
54,409
32,536
54,406
33,535.5
54,403
32,535
55,399.5
27,564.5
56,396
32,534
57,392.5
33,533.5
58,389
33,533.5
58,385
32,533
59,381.5
33,532.5
59,377.5
33,532.5
60,373
33,531.5
61,368.5
33,531.5
62,364
34,531
63,359.5
34,531
63,354.5
34,530
64,349
34,530
65,343.5
35,529.5
66,338
34,529
66,332
35,528.5
68,326
34,528
68,320
30,560
68,313
35,527.5
69,306.5
36,527
36,527
36,527
36,526
36,526
37,525.5
36,525
37,524.5
37,524.5
38,524
37,523.5
37,523.5
38,523
37,522.5
38,522
39,521.5
38,521
39,520.5
39,520.5
39,519.5
39,519.5
40,519
39,518.5
40,518
41,517.5
40,517
41,516.5
42,516
44,516
43,515.5
42,514
42,513
42,512
45,512.5
43,511.5
43,510.5
43,509.5
44,509
44,508
45,507.5
44,506
45,505.5
45,504.5
45,503.5
47,502.5
47,501.5
47,500.5
47,499.5
47,498.5
48,497
48,496
48,495
49,493.5
22,562
49,492.5
23,561.5
49,491.5
22,561
50,490
23,560.5
51,488.5
23,560.5
51,487.5
23,560.5
51,485.5
23,559.5
51,484.5
23,559.5
52,483
23,559.5
53,481.5
24,559
52,480
24,559
53,478.5
24,559
53,476.5
24,559
54,475
24,559
54,474
24,558
54,472
24,558
54,470
24,558
55,468.5
24,558
56,466
24,558
56,464
24,558
57,462.5
25,557.5
57,460.5
20,579
57,458.5
20,579
58,456
20,579
58,454
20,579
59,451.5
24,557
60,449
25,556.5
61,446.5
25,556.5
61,444.5
25,556.5
62,442
25,555.5
62,439
25,555.5
62,436
25,555.5
63,432.5
26,555
63,429.5
26,555
64,426
25,554.5
64,423
26,554
26,554
66,416
26,553
67,412.5
26,553
26,553
68,404
27,552.5
27,552.5
26,552
27,551.5
27,551.5
27,551.5
27,551.5
27,551.5
28,551
28,551
28,551
27,550.5
27,550.5
28,550
28,550
28,550
29,549.5
28,549
28,549
29,548.5
29,548.5
29,548.5
30,548
29,547.5
30,547
29,546.5
30,546
30,546
30,545
30,545
31,544.5
31,543.5
31,543.5
31,542.5
32,542
31,541.5
15,564.5
16,564
31,539.5
32,539
32,538
33,537.5
33,536.5
33,535.5
33,535.5
33,534.5
33,533.5
21,559.5
21,559.5
35,528.5
24,557
23,556.5
24,556
25,555.5
19,577.5
36,524
26,555
27,553.5
20,577
37,521.5
20,577
37,520.5
29,552.5
21,576.5
38,519
21,576.5
37,517.5
21,576.5
39,516.5
20,576
39,515.5
20,576
39,514.5
21,575.5
40,513
21,575.5
40,512
21,575.5
41,510.5
21,575.5
41,509.5
22,575
41,508.5
22,575
42,507
21,574.5
42,505
22,575
42,504
22,575
43,502.5
21,574.5
44,501
22,574
44,499
22,574
45,497.5
22,574
44,496
22,574
45,493.5
22,573
46,492
22,573
46,490
22,573
47,487.5
23,572.5
47,485.5
22,572
48,483
22,572
48,481
22,572
49,478.5
23,571.5
49,475.5
23,571.5
50,473
23,570.5
51,470.5
23,570.5
51,467.5
24,570
52,464
23,569.5
53,461.5
23,569.5
54,458
24,569
54,454
24,568
55,450.5
24,568
56,446
25,567.5
57,442.5
24,567
58,438
24,567
24,566
60,428
25,565.5
61,423.5
28,567
62,418
24,565
63,411.5
25,564.5
64,406
24,564
25,563.5
25,562.5
25,562.5
26,562
25,561.5
26,561
25,560.5
26,560
26,559
26,559
25,558.5
26,557
26,557
27,556.5
27,555.5
26,555
27,554.5
28,554
28,553
28,552
28,551
28,551
28,550
29,549.5
30,549
29,548.5
30,547
29,546.5
30,546
31,544.5
31,544.5
30,543
31,542.5
31,541.5
32,540
32,539
33,538.5
47,544.5
47,543.5
49,542.5
34,534
34,533
34,532
34,530
34,529
34,528
35,526.5
35,525.5
36,524
36,522
37,520.5
40,557
37,517.5
37,515.5
37,513.5
38,512
38,510
39,507.5
39,505.5
39,503.5
40,501
39,499.5
40,497
40,494
41,491.5
42,489
43,486.5
43,483.5
26,577
44,481
44,478
44,475
27,574.5
45,471.5
27,573.5
45,468.5
27,572.5
46,465
27,571.5
47,461.5
47,457.5
27,570.5
46,454
27,569.5
47,450.5
27,568.5
48,446
27,567.5
48,442
29,566.5
27,565.5
28,565
50,428
51,423.5
28,563
28,562
29,561.5
28,560
29,559.5
28,558
29,557.5
28,556
29,555.5
29,553.5
30,553
29,551.5
30,551
29,549.5
30,548
30,547
30,545
30,544
30,540
33,531.5
33,529.5
32,528
33,527.5
33,526.5
33,525.5
34,524
38,513
41,511.5
43,504.5
29,566.5
44,503
30,566
30,566
45,500.5
31,565.5
45,498.5
31,565.5
46,497
31,565.5
30,565
31,565.5
31,565.5
32,565
32,565
46,484
32,565
33,564.5
32,564
51,480.5
32,564
52,478
32,564
53,475.5
32,564
54,473
33,563.5
33,563.5
33,563.5
33,563.5
51,459.5
34,563
34,563
34,563
35,562.5
34,562
35,561.5
54,439
36,562
55,434.5
35,561.5
36,561
36,561
35,560.5
36,560
36,559
36,559
37,558.5
36,558
37,557.5
37,557.5
38,557
37,556.5
38,556
38,555
38,555
38,554
39,553.5
39,553.5
39,552.5
39,552.5
39,551.5
40,551
40,550
41,549.5
40,549
41,548.5
41,548.5
41,547.5
41,546.5
42,546
41,545.5
42,545
42,544
42,543
43,542.5
42,542
43,541.5
43,540.5
44,540
44,539
43,538.5
44,538
44,537
45,536.5
45,535.5
45,534.5
45,534.5
45,533.5
45,532.5
45,531.5
46,531
46,530
46,529
46,528
46,527
47,526.5
47,525.5
47,524.5
47,523.5
47,522.5
47,521.5
48,520
48,519
48,518
48,517
48,516
48,515
49,513.5
49,512.5
50,511
50,510
50,509
49,507.5
50,506
50,505
50,504
51,502.5
50,501
51,499.5
51,498.5
51,496.5
51,495.5
52,494
52,492
52,490
53,488.5
53,486.5
53,485.5
53,483.5
53,481.5
54,480
54,478
54,476
55,473.5
55,472.5
55,469.5
55,467.5
56,465
55,462.5
55,460.5
56,458
57,455.5
57,453.5
57,450.5
58,449
58,447
59,444.5
59,441.5
59,439.5
60,437
60,434
62,428
62,425
63,422.5
63,419.5
63,415.5
65,412.5
64,409
66,406
66,402
67,398.5
67,394.5
68,391
69,387.5
69,383.5
71,379.5
71,375.5
72,371
73,366.5
74,362
75,357.5
76,352
33,569.5
34,569
34,569
34,568
35,567.5
35,566.5
34,566
35,565.5
34,565
35,564.5
36,563
36,563
36,562
36,561
36,561
36,560
36,559
36,558
36,558
36,557
36,556
37,554.5
36,554
36,553
36,552
36,551
36,550
36,549
36,548
36,547
36,546
36,545
36,545
37,543.5
37,542.5
37,541.5
36,541
37,539.5
36,539
36,538
37,536.5
36,536
37,534.5
37,533.5
37,532.5
36,531
36,530
38,529
37,527.5
37,526.5
36,525
37,523.5
37,522.5
36,521
37,519.5
37,518.5
38,517
16,570
38,516
38,515
37,513.5
17,568.5
38,512
38,511
39,510.5
38,509
39,507.5
39,506.5
39,505.5
17,565.5
39,504.5
39,503.5
40,502
18,565
40,501
39,499.5
40,499
41,497.5
18,563
41,496.5
41,495.5
41,494.5
18,563
41,493.5
19,562.5
42,492
42,491
42,490
43,489.5
11,546.5
43,488.5
12,547
43,487.5
17,580.5
13,546.5
43,486.5
19,562.5
44,486
13,546.5
44,485
13,546.5
44,484
13,546.5
45,482.5
13,546.5
45,481.5
13,546.5
45,480.5
13,546.5
45,480.5
20,564
46,479
21,564.5
46,478
21,564.5
47,476.5
21,564.5
47,475.5
21,564.5
48,474
13,547.5
47,472.5
13,547.5
47,471.5
13,548.5
48,470
22,565
49,468.5
13,548.5
49,466.5
13,548.5
50,465
23,565.5
50,463
22,566
51,461.5
22,566
51,459.5
14,548
52,458
14,548
52,456
23,566.5
52,454
23,566.5
53,451.5
23,566.5
53,449.5
23,566.5
53,447.5
24,566
54,445
13,547.5
55,442.5
13,547.5
55,440.5
13,547.5
56,438
25,566.5
56,435
38,560
56,433
25,566.5
57,429.5
13,547.5
58,427
14,547
58,424
26,567
58,421
26,567
46,470
26,567
59,414.5
15,546.5
27,566.5
14,546
14,546
62,399
13,545.5
14,546
15,545.5
14,545
65,446.5
28,566
15,544.5
73,441.5
14,544
76,438
14,544
14,544
14,544
14,543
14,543
15,542.5
15,542.5
14,542
15,541.5
31,563.5
31,563.5
31,563.5
31,563.5
32,563
15,539.5
14,539
15,538.5
15,538.5
16,538
15,537.5
34,562
35,561.5
35,561.5
35,560.5
35,560.5
36,560
36,560
37,559.5
37,559.5
36,559
37,558.5
15,531.5
16,531
17,530.5
38,557
40,557
39,556.5
39,556.5
40,556
41,555.5
41,555.5
16,526
16,525
42,554
43,553.5
44,553
43,552.5
17,521.5
17,520.5
45,550.5
45,550.5
45,549.5
17,517.5
17,516.5
23,429.5
47,547.5
47,547.5
47,546.5
48,546
18,512
49,544.5
49,543.5
22,579
18,509
18,508
18,507
18,506
51,540.5
21,576.5
18,504
19,503.5
19,502.5
18,501
22,575
18,500
22,575
19,499.5
23,574.5
18,498
19,496.5
22,573
20,495
24,573
24,573
24,573
19,491.5
24,573
19,490.5
25,571.5
25,571.5
25,571.5
20,486
25,570.5
20,485
25,570.5
21,483.5
26,570
26,569
26,569
20,479
27,568.5
26,568
21,476.5
26,568
21,475.5
27,567.5
21,473.5
27,567.5
21,472.5
27,566.5
22,471
27,566.5
22,470
27,565.5
21,468.5
27,565.5
22,467
27,565.5
22,466
28,565
22,464
28,565
22,463
28,565
22,461
28,564
22,460
28,564
23,458.5
28,564
23,457.5
29,564.5
24,456
29,564.5
24,454
29,563.5
23,452.5
29,563.5
24,451
30,563
30,563
24,448
30,563
24,446
30,563
25,444.5
29,562.5
24,442
12,580
25,440.5
31,562.5
25,438.5
31,562.5
32,562
26,434
28,560
25,431.5
27,559.5
26,429
28,559
28,559
27,424.5
29,558.5
33,560.5
28,558
28,557
28,557
29,556.5
29,555.5
29,555.5
29,555.5
30,555
35,556.5
31,554.5
31,553.5
30,553
31,552.5
32,553
31,552.5
32,552
17,575.5
18,575
19,574.5
19,574.5
19,574.5
22,574
22,574
22,573
21,572.5
33,545.5
22,572
33,544.5
23,571.5
34,543
33,542.5
34,542
25,570.5
25,570.5
27,569.5
34,539
34,538
34,537
35,536.5
35,536.5
35,535.5
35,534.5
29,566.5
36,533
36,532
35,531.5
37,530.5
32,564
31,563.5
37,528.5
38,527
38,526
35,561.5
35,561.5
39,523.5
39,522.5
39,521.5
39,520.5
40,519
41,518.5
42,518
42,517
41,515.5
42,515
42,513
43,512.5
42,511
44,510
43,508.5
44,507
45,506.5
44,505
44,504
46,502
46,501
45,499.5
46,498
48,497
49,494.5
47,492.5
48,491
48,489
50,488
49,486.5
49,484.5
51,482.5
15,580.5
49,480.5
50,479
50,477
15,580.5
51,475.5
15,580.5
52,473
15,580.5
52,471
15,579.5
52,469
15,579.5
53,467.5
15,579.5
53,464.5
15,579.5
53,462.5
15,579.5
53,460.5
15,579.5
54,458
16,579
16,579
16,579
57,447.5
16,578
57,445.5
16,578
57,442.5
16,578
57,439.5
16,578
57,436.5
16,578
59,433.5
17,577.5
59,430.5
17,577.5
59,427.5
16,577
60,424
16,577
59,420.5
16,577
60,417
17,576.5
17,576.5
17,576.5
64,399
18,575
64,395
18,575
18,575
64,387
19,574.5
65,377.5
88,347
92,328
22,569
21,569.5
21,568.5
22,567
22,567
22,567
21,566.5
22,566
22,566
21,565.5
20,566
22,565
22,565
22,564
22,564
22,564
23,563.5
23,563.5
23,563.5
22,563
23,562.5
23,562.5
23,562.5
23,561.5
23,561.5
24,561
24,561
23,560.5
23,560.5
24,560
23,559.5
23,559.5
23,558.5
24,558
24,558
24,558
24,557
24,557
24,556
24,556
24,556
23,555.5
24,555
24,578
25,554.5
24,554
24,553
24,553
25,552.5
24,552
24,552
23,551.5
24,551
24,550
25,549.5
25,548.5
25,548.5
25,547.5
25,547.5
25,546.5
26,546
25,545.5
26,545
26,544
25,543.5
26,542
20,565
27,541.5
27,540.5
26,540
27,539.5
27,538.5
27,537.5
27,537.5
27,536.5
28,536
28,535
28,535
28,534
29,533.5
28,533
29,532.5
29,531.5
29,530.5
13,578.5
30,530
30,529
14,578
31,528.5
31,527.5
13,577.5
31,527.5
31,526.5
31,525.5
32,525
32,524
33,523.5
15,576.5
32,523
15,576.5
33,522.5
15,576.5
33,521.5
34,521
35,519.5
34,519
15,575.5
35,518.5
15,575.5
35,517.5
16,575
35,517.5
36,516
36,516
36,515
33,516.5
36,514
32,515
33,514.5
33,513.5
34,513
34,512
35,511.5
13,575.5
34,511
13,575.5
35,510.5
13,575.5
35,509.5
13,574.5
36,509
14,575
36,508
35,507.5
14,575
35,507.5
14,575
36,506
37,505.5
36,505
36,504
37,503.5
36,503
38,502
37,501.5
38,500
37,499.5
38,499
38,498
40,497
39,496.5
21,570.5
39,495.5
21,570.5
40,495
15,573.5
39,494.5
11,575.5
40,494
16,573
40,493
11,575.5
41,491.5
11,575.5
40,491
11,575.5
40,490
41,489.5
23,569.5
41,488.5
11,575.5
41,487.5
20,567
41,486.5
20,567
42,486
11,575.5
42,485
11,575.5
42,484
24,569
42,483
42,482
43,481.5
25,568.5
43,480.5
11,575.5
43,479.5
43,478.5
44,477
43,476.5
44,475
22,565
45,474.5
23,565.5
45,473.5
10,575
27,566.5
27,566.5
27,566.5
23,564.5
10,575
24,564
28,566
46,466
25,563.5
47,464.5
47,463.5
48,463
25,563.5
47,461.5
10,575
47,460.5
30,565
47,459.5
30,565
48,458
31,564.5
49,457.5
11,574.5
49,456.5
32,565
49,455.5
31,564.5
49,454.5
31,564.5
49,452.5
11,574.5
49,451.5
32,564
49,450.5
33,563.5
50,449
33,563.5
33,563.5
34,563
34,563
50,444
35,562.5
51,442.5
35,562.5
51,441.5
32,560
51,440.5
12,574
51,438.5
31,559.5
53,437.5
11,573.5
52,436
37,560.5
51,434.5
37,560.5
52,433
38,560
52,431
38,560
53,429.5
38,559
53,428.5
39,559.5
53,426.5
39,559.5
54,425
40,559
53,423.5
40,559
53,421.5
41,558.5
54,420
41,558.5
55,418.5
13,572.5
55,416.5
41,556.5
54,415
42,557
56,413
12,572
56,411
11,571.5
55,409.5
32,550
55,407.5
32,550
56,406
57,403.5
13,572.5
57,401.5
33,548.5
57,399.5
33,548.5
57,397.5
57,395.5
35,547.5
57,393.5
35,547.5
58,391
58,389
58,387
37,546.5
58,384
37,545.5
58,382
11,569.5
59,379.5
11,569.5
60,377
11,569.5
59,374.5
11,569.5
60,372
12,570
59,369.5
60,367
12,569
61,364.5
11,568.5
61,361.5
61,358.5
12,568
61,355.5
12,568
61,352.5
62,350
62,347
21,572.5
62,343
21,572.5
63,340.5
22,572
63,337.5
10,578
63,333.5
10,578
63,330.5
22,572
64,327
22,572
63,323.5
10,578
50,535
64,320
10,578
64,316
11,577.5
66,312
11,577.5
66,308
12,566
66,304
12,565
66,300
12,565
67,295.5
13,565.5
67,291.5
11,576.5
68,287
24,571
67,282.5
23,570.5
67,277.5
11,576.5
69,273.5
13,564.5
69,268.5
13,564.5
69,263.5
12,564
70,258
70,253
13,563.5
69,247.5
13,563.5
70,242
12,576
71,230.5
12,575
12,575
12,575
14,563
13,574.5
12,562
13,561.5
13,561.5
13,561.5
12,574
13,561.5
13,561.5
13,561.5
13,561.5
13,560.5
13,560.5
13,573.5
12,560
13,572.5
12,560
14,573
13,573.5
27,566.5
13,559.5
13,559.5
13,559.5
27,565.5
27,565.5
11,570.5
26,565
13,557.5
13,557.5
13,557.5
12,557
14,557
13,556.5
14,557
13,556.5
27,563.5
13,556.5
13,569.5
13,555.5
13,568.5
13,568.5
36,389
13,568.5
37,386.5
14,568
14,569
28,562
38,377
28,562
28,562
14,568
29,562.5
15,569.5
14,569
15,568.5
15,568.5
13,554.5
30,562
16,569
30,562
30,562
16,569
14,554
15,568.5
15,553.5
16,568
14,553
16,568
17,567.5
30,560
31,559.5
15,551.5
30,559
31,557.5
31,557.5
17,563.5
15,547.5
17,563.5
15,547.5
33,554.5
17,561.5
15,545.5
18,561
15,544.5
14,544
15,543.5
15,543.5
14,543
15,542.5
16,542
15,541.5
16,541
19,558.5
19,558.5
15,540.5
15,540.5
16,540
20,558
15,539.5
19,557.5
20,557
20,557
16,539
17,538.5
17,538.5
17,538.5
16,538
21,556.5
20,556
17,537.5
18,537
20,556
21,555.5
17,535.5
22,555
22,555
18,535
22,554
17,534.5
22,554
18,534
17,533.5
17,532.5
17,532.5
17,532.5
17,531.5
17,531.5
17,531.5
18,531
17,530.5
18,530
17,529.5
18,529
18,529
26,550
26,550
18,527
18,527
18,526
27,548.5
19,525.5
27,547.5
19,524.5
18,524
19,523.5
19,522.5
19,522.5
28,545
20,521
28,545
20,520
30,544
30,573
20,519
30,573
20,518
31,572.5
19,517.5
31,572.5
20,517
31,572.5
20,516
30,541
20,515
32,571
20,514
20,514
32,571
20,513
20,513
32,570
20,512
32,570
21,511.5
32,570
21,510.5
21,510.5
32,569
21,509.5
32,569
21,508.5
33,568.5
21,508.5
21,507.5
22,507
21,506.5
22,506
34,568
22,506
34,568
22,505
34,568
22,504
33,567.5
22,504
35,567.5
22,503
34,567
22,502
34,567
22,502
34,567
22,501
34,567
23,500.5
34,567
23,499.5
35,566.5
22,499
34,566
23,497.5
23,496.5
23,494.5
23,493.5
23,492.5
24,492
24,491
24,490
24,489
36,563
25,488.5
24,487
36,562
26,486
25,484.5
25,483.5
25,482.5
25,479.5
26,479
26,476
26,472
41,557.5
27,470.5
40,557
27,467.5
41,555.5
26,466
27,461.5
28,457
27,455.5
28,450
29,448.5
45,549.5
28,447
28,445
44,545
44,541
23,572.5
46,538
24,571
31,413.5
25,569.5
24,569
49,521.5
49,520.5
50,520
50,519
51,517.5
51,516.5
51,515.5
51,514.5
38,558
52,512
53,511.5
53,510.5
42,556
53,507.5
54,506
37,551.5
55,504.5
39,550.5
56,502
57,500.5
42,549
43,548.5
44,548
59,495.5
46,547
59,492.5
59,491.5
59,489.5
59,488.5
60,487
60,485
61,483.5
62,482
62,480
62,478
28,562
63,476.5
64,475
65,470.5
65,468.5
65,466.5
67,464.5
68,462
67,459.5
68,457
70,454
70,451
70,449
71,445.5
70,443
72,440
73,436.5
72,433
74,429
11,570.5
75,425.5
11,570.5
76,422
76,418
10,570
76,414
10,570
77,409.5
78,405
10,569
79,400.5
10,569
79,395.5
10,569
11,568.5
81,385.5
82,380
10,568
82,374
10,568
82,368
11,567.5
10,567
10,567
10,567
10,567
10,566
75,389.5
10,565
81,383.5
10,565
10,565
10,564
10,563
10,563
30,573
20,578
20,547
31,572.5
30,552
31,572.5
31,572.5
31,550.5
31,550.5
21,575.5
21,544.5
21,575.5
21,575.5
21,543.5
21,574.5
21,543.5
21,574.5
20,543
21,574.5
21,542.5
22,574
22,542
21,573.5
32,568
22,573
21,572.5
21,540.5
21,572.5
21,540.5
22,572
21,539.5
22,572
21,539.5
22,572
22,539
23,571.5
22,539
23,571.5
22,539
23,571.5
22,539
22,571
22,571
23,570.5
23,570.5
22,570
22,570
23,569.5
23,569.5
23,569.5
24,569
23,568.5
23,568.5
23,568.5
23,534.5
23,568.5
24,568
24,568
24,567
24,567
23,532.5
25,566.5
25,566.5
24,566
24,566
25,565.5
23,530.5
24,565
23,530.5
24,565
25,564.5
25,564.5
25,564.5
24,529
25,564.5
25,563.5
25,563.5
24,528
26,563
23,527.5
25,562.5
24,527
25,562.5
24,527
25,562.5
24,527
26,562
25,526.5
26,562
27,561.5
26,561
24,525
26,561
25,524.5
26,561
25,524.5
27,560.5
25,524.5
27,560.5
25,523.5
28,560
25,523.5
27,559.5
25,522.5
27,559.5
25,522.5
27,559.5
25,522.5
28,559
25,521.5
27,558.5
28,559
25,521.5
27,558.5
25,520.5
28,558
25,520.5
28,558
26,520
28,557
28,557
26,519
28,557
26,519
28,557
26,518
29,556.5
26,518
29,556.5
30,556
26,517
29,555.5
26,517
29,555.5
27,516.5
28,555
29,554.5
29,554.5
27,515.5
30,554
28,515
30,554
27,514.5
29,553.5
27,514.5
30,553
27,513.5
30,553
27,513.5
31,552.5
28,513
30,552
28,513
31,551.5
31,551.5
32,551
29,511.5
36,548
31,549.5
29,510.5
31,549.5
29,509.5
36,547
36,546
37,545.5
36,545
36,545
36,544
37,543.5
36,544
37,542.5
37,542.5
37,541.5
37,540.5
37,540.5
37,539.5
37,539.5
37,538.5
36,538
36,538
36,537
36,537
37,535.5
37,534.5
37,533.5
37,532.5
37,531.5
37,530.5
37,529.5
39,528.5
39,527.5
39,526.5
40,525
40,524
40,523
40,522
41,520.5
41,519.5
42,518
37,556.5
42,515
43,513.5
43,512.5
44,511
44,509
45,507.5
44,506
45,504.5
45,502.5
46,501
47,498.5
47,496.5
48,495
48,493
48,491
49,488.5
50,486
54,482
26,575
54,478
52,474
53,470.5
54,468
55,464.5
55,461.5
56,458
56,454
57,450.5
59,446.5
59,442.5
59,437.5
60,433
61,427.5
62,423
62,417
64,411
64,405
65,397.5
65,390.5
67,382.5
67,373.5
68,365
68,355
69,344.5
71,280.5
73,261.5
74,242
75,219.5
15,568.5
15,568.5
14,568
15,567.5
15,567.5
15,567.5
15,563.5
16,563
17,562.5
16,562
17,561.5
16,561
16,561
16,561
15,557.5
16,557
16,556
17,555.5
17,554.5
17,554.5
17,553.5
18,553
17,552.5
18,552
17,551.5
18,551
17,550.5
17,549.5
17,549.5
17,547.5
17,545.5
17,544.5
20,545
33,570.5
33,569.5
28,550
27,545.5
28,541
29,536.5
29,531.5
28,527
29,521.5
30,516
29,510.5
30,505
29,499.5
32,492
31,486.5
30,480
30,474
30,563
30,561
30,559
31,556.5
31,554.5
31,551.5
31,549.5
31,546.5
31,544.5
31,541.5
31,539.5
31,537.5
31,535.5
30,534
30,531
30,530
30,527
29,525.5
29,523.5
29,521.5
30,520
29,518.5
29,516.5
29,515.5
29,513.5
29,512.5
29,510.5
29,509.5
29,507.5
29,506.5
29,505.5
29,504.5
29,502.5
28,502
29,501.5
29,500.5
29,500.5
29,499.5
29,498.5
28,498
29,497.5
29,496.5
29,496.5
29,496.5
29,496.5
28,497
67,451.5
29,500.5
29,501.5
28,503
31,537.5
32,545
33,566.5
27,567.5
26,562
21,472.5
21,466.5
20,453
79,433.5
72,451
67,457.5
20,508
20,514
95,384.5
91,387.5
85,391.5
82,394
76,398
70,402
67,404.5
85,396.5
68,408
48,420
62,414
43,425.5
56,420
31,410.5
49,424.5
31,434.5
46,428
41,435.5
41,438.5
31,447.5
11,541.5
11,541.5
11,542.5
11,543.5
11,543.5
11,544.5
11,544.5
12,546
12,546
11,546.5
12,547
12,548
12,548
12,549
12,549
13,550.5
12,551
12,551
14,552
13,552.5
13,553.5
13,553.5
13,554.5
13,555.5
13,555.5
13,556.5
13,556.5
13,557.5
13,557.5
13,558.5
14,559
14,559
14,560
15,560.5
14,561
14,562
15,562.5
15,562.5
15,563.5
15,563.5
15,564.5
15,564.5
16,565
16,565
15,565.5
16,566
15,566.5
15,566.5
16,567
16,567
16,567
16,567
17,567.5
17,567.5
17,567.5
17,567.5
17,567.5
17,566.5
17,566.5
16,566
17,565.5
17,564.5
17,563.5
17,563.5
17,562.5
17,561.5
17,560.5
18,560
18,559
17,558.5
17,557.5
18,557
18,556
18,555
17,554.5
18,554
18,553
18,552
19,551.5
19,550.5
19,550.5
19,549.5
19,548.5
19,548.5
20,547
19,546.5
19,545.5
19,545.5
20,544
20,543
20,542
20,542
20,541
20,540
19,539.5
20,539
20,538
20,537
21,536.5
22,536
20,535
21,534.5
20,534
22,534
22,533
22,533
22,533
23,532.5
22,532
23,531.5
23,531.5
24,531
23,530.5
23,529.5
24,530
24,529
24,528
24,527
24,527
24,526
23,524.5
23,524.5
23,523.5
25,523.5
24,522
25,521.5
24,521
26,520
25,519.5
25,518.5
25,517.5
26,517
26,516
25,515.5
25,514.5
27,514.5
25,512.5
25,512.5
26,512
25,511.5
28,512
28,511
27,510.5
28,510
28,509
28,509
28,508
28,507
28,507
29,506.5
29,506.5
30,506
29,505.5
29,505.5
30,505
30,505
29,504.5
31,504.5
30,505
31,504.5
31,504.5
32,505
32,505
32,505
33,505.5
33,506.5
33,506.5
33,506.5
34,507
33,507.5
34,507
35,507.5
35,507.5
34,508
35,508.5
35,507.5
36,508
37,508.5
49,515.5
49,515.5
50,515
52,514
53,512.5
52,512
53,511.5
53,511.5
55,511.5
54,511
55,510.5
56,511
55,510.5
56,509
56,509
57,509.5
57,508.5
57,508.5
58,508
58,507
59,507.5
60,506
60,505
61,505.5
61,504.5
60,504
61,503.5
62,503
63,502.5
63,501.5
64,501
64,500
65,499.5
65,498.5
66,498
67,496.5
67,495.5
67,494.5
68,493
70,486
71,482.5
73,475.5
73,474.5
76,466
94,348
93,350.5
93,352.5
93,354.5
90,355
90,357
93,360.5
93,362.5
88,363
32,505
89,364.5
37,494.5
91,367.5
94,373
93,374.5
91,374.5
90,376
86,375
90,378
91,380.5
89,380.5
88,381
35,498.5
89,382.5
88,383
85,382.5
39,510.5
90,386
89,387.5
86,387
87,387.5
86,389
85,389.5
85,390.5
86,393
82,392
84,394
84,395
80,394
80,395
81,395.5
80,397
81,397.5
80,398
79,398.5
85,401.5
79,399.5
83,402.5
80,402
80,402
80,403
80,404
78,403
77,403.5
78,404
77,404.5
77,405.5
76,406
77,406.5
77,407.5
77,407.5
77,408.5
76,409
76,409
76,410
40,500
76,411
45,487.5
76,411
77,411.5
77,412.5
78,414
76,414
79,415.5
78,416
79,416.5
78,417
79,417.5
78,418
77,418.5
79,420.5
79,420.5
78,420
77,420.5
79,420.5
78,421
78,421
77,421.5
78,422
77,422.5
78,423
78,423
78,423
38,510
77,423.5
78,424
77,424.5
76,425
77,425.5
77,425.5
77,425.5
78,426
78,427
79,427.5
78,428
77,427.5
77,427.5
76,429
77,428.5
78,429
77,429.5
76,430
77,430.5
76,430
77,430.5
76,431
78,433
76,432
76,432
76,433
76,434
76,434
76,435
76,436
76,436
76,437
76,438
75,438.5
75,439.5
76,441
76,441
75,441.5
77,442.5
75,442.5
75,443.5
76,445
75,445.5
75,445.5
75,446.5
74,447
74,448
75,448.5
76,449
74,449
74,450
75,450.5
74,451
74,452
74,452
74,453
73,453.5
74,455
72,455
73,456.5
72,457
71,457.5
35,499.5
72,458
71,459.5
71,459.5
71,460.5
70,461
70,462
70,462
70,463
70,464
70,464
70,465
69,465.5
69,466.5
30,501
69,467.5
69,467.5
68,468
69,468.5
69,469.5
68,470
68,471
68,471
68,472
67,472.5
68,473
68,474
66,474
66,475
67,475.5
66,476
66,477
67,477.5
67,477.5
66,478
65,479.5
65,479.5
66,480
65,480.5
65,481.5
64,482
64,483
65,482.5
65,483.5
65,484.5
64,485
65,485.5
65,485.5
64,486
64,487
64,487
64,488
63,488.5
64,489
63,489.5
29,520.5
64,490
64,491
63,491.5
64,492
63,492.5
64,493
63,493.5
63,494.5
64,495
63,495.5
62,496
63,496.5
63,496.5
63,497.5
63,497.5
62,498
61,498.5
62,499
35,477.5
63,499.5
63,499.5
62,500
62,501
61,500.5
60,501
61,501.5
62,502
62,502
61,501.5
61,502.5
61,502.5
60,503
60,503
61,503.5
26,532
61,503.5
61,503.5
62,504
60,504
60,504
60,504
60,505
60,505
60,505
59,505.5
61,505.5
61,505.5
60,506
59,506.5
59,506.5
59,506.5
58,507
59,507.5
58,508
59,508.5
58,508
58,509
59,509.5
59,509.5
58,510
58,510
58,510
59,510.5
58,511
58,511
58,512
58,512
58,512
58,513
57,513.5
57,514.5
57,514.5
57,514.5
58,515
57,515.5
57,515.5
57,516.5
57,516.5
57,516.5
57,516.5
57,517.5
57,517.5
57,518.5
57,518.5
57,518.5
56,519
56,519
56,520
56,520
57,520.5
56,521
56,521
57,521.5
56,522
56,522
55,522.5
55,522.5
55,522.5
55,522.5
56,523
54,523
54,523
54,523
55,523.5
53,523.5
54,524
54,524
54,524
54,525
54,525
54,525
53,525.5
54,525
53,525.5
53,525.5
53,525.5
53,525.5
52,526
54,526
53,526.5
53,526.5
53,526.5
53,526.5
52,527
52,527
52,527
52,527
52,527
51,527.5
51,527.5
52,527
51,527.5
52,527
51,527.5
50,527
51,527.5
51,527.5
51,527.5
51,527.5
51,527.5
50,528
50,528
50,528
50,528
50,528
50,528
49,528.5
49,528.5
49,528.5
49,528.5
49,528.5
49,529.5
49,529.5
48,530
48,530
48,530
48,531
48,531
48,531
48,531
47,531.5
48,532
48,532
48,532
49,532.5
49,532.5
47,533.5
47,533.5
48,534
48,534
47,534.5
48,535
47,535.5
47,535.5
47,535.5
47,535.5
47,536.5
47,535.5
48,536
47,536.5
47,536.5
47,536.5
47,536.5
46,536
47,536.5
46,536
45,536.5
46,536
46,536
46,536
44,536
45,535.5
45,535.5
45,535.5
44,535
45,534.5
45,534.5
45,534.5
45,534.5
45,534.5
45,534.5
44,534
45,533.5
44,534
44,534
43,533.5
43,533.5
43,533.5
43,533.5
44,533
43,532.5
44,533
43,532.5
44,532
43,532.5
44,532
44,532
43,531.5
43,531.5
43,531.5
43,531.5
44,532
44,532
43,532.5
43,532.5
43,532.5
43,533.5
43,533.5
43,533.5
43,533.5
42,534
42,534
42,534
43,534.5
43,534.5
43,534.5
42,535
42,535
42,535
42,535
43,534.5
43,534.5
42,535
42,535
42,534
42,534
42,534
42,534
42,534
41,533.5
42,533
42,532
42,532
42,532
41,531.5
41,531.5
41,530.5
42,530
41,529.5
42,529
41,528.5
41,528.5
41,527.5
42,527
41,526.5
40,526
40,525
41,524.5
40,524
40,524
41,522.5
40,522
40,521
40,521
40,520
40,519
40,518
40,518
40,517
39,516.5
40,515
40,515
40,514
39,512.5
39,512.5
39,511.5
39,510.5
39,509.5
38,508
38,507
38,506
38,505
38,504
38,503
38,502
38,501
37,499.5
38,499
38,497
38,496
37,494.5
37,493.5
37,492.5
37,491.5
38,490
37,488.5
37,487.5
36,486
37,484.5
37,483.5
36,482
36,481
37,479.5
36,478
37,475.5
36,473
35,471.5
36,470
35,468.5
35,465.5
35,464.5
35,463.5
35,461.5
34,460
35,458.5
35,457.5
34,456
35,454.5
34,453
34,452
34,450
34,449
34,448
32,446
33,445.5
34,444
33,442.5
33,441.5
32,437
33,436.5
32,431
32,430
33,428.5
32,428
32,425
33,422.5
32,421
32,420
32,419
32,418
32,415
32,414
32,414
32,412
32,411
32,410
33,409.5
32,405
33,404.5
33,403.5
32,403
32,402
32,401
34,399
32,398
32,398
33,397.5
32,397
33,397.5
32,396
33,395.5
34,395
34,395
33,395.5
33,395.5
34,395
33,395.5
34,396
34,396
35,396.5
34,397
34,397
35,397.5
35,397.5
34,397
35,397.5
35,397.5
35,397.5
35,398.5
35,398.5
36,399
35,398.5
36,399
36,399
35,398.5
36,399
36,399
36,399
35,398.5
36,399
36,399
35,398.5
36,399
36,399
36,399
37,398.5
37,398.5
36,398
37,398.5
37,398.5
37,398.5
37,398.5
37,398.5
37,398.5
37,398.5
38,398
37,398.5
38,398
38,398
37,397.5
38,398
38,398
39,397.5
39,397.5
39,397.5
39,396.5
39,396.5
39,395.5
38,395
38,395
38,394
39,394.5
39,393.5
40,393
39,392.5
40,391
41,390.5
39,387.5
40,387
39,385.5
39,384.5
38,384
39,382.5
39,381.5
39,380.5
39,379.5
39,378.5
39,377.5
39,375.5
39,373.5
39,367.5
39,365.5
39,360.5
39,359.5
39,356.5
39,355.5
41,351.5
43,346.5
42,337
41,334.5
13,580.5
12,579
12,577
13,576.5
12,575
12,575
12,574
12,573
12,573
12,572
12,572
12,571
11,570.5
12,570
12,569
12,569
13,568.5
12,568
12,567
12,567
13,566.5
12,566
12,565
12,565
13,564.5
13,564.5
12,564
13,563.5
12,563
13,562.5
12,562
13,561.5
13,561.5
13,561.5
12,561
13,560.5
13,560.5
12,560
13,560.5
13,560.5
13,560.5
13,560.5
12,560
12,560
12,560
13,559.5
13,559.5
13,559.5
13,559.5
13,559.5
13,559.5
12,559
13,558.5
13,558.5
13,558.5
14,558
13,557.5
13,556.5
13,556.5
13,556.5
13,555.5
13,555.5
13,555.5
14,555
13,554.5
13,554.5
14,554
13,553.5
13,553.5
14,553
13,552.5
13,552.5
13,552.5
14,552
13,551.5
14,551
14,551
13,550.5
14,550
14,550
14,550
13,549.5
14,549
14,549
14,548
14,548
14,547
14,547
14,547
15,546.5
14,546
15,545.5
14,545
14,545
14,544
15,543.5
15,543.5
14,543
15,542.5
15,542.5
14,542
14,542
15,541.5
14,541
15,540.5
15,540.5
15,540.5
15,540.5
15,539.5
15,539.5
15,539.5
15,539.5
16,539
16,539
15,538.5
16,538
15,537.5
15,537.5
16,537
15,537.5
16,537
16,537
17,536.5
17,536.5
16,536
16,536
16,536
17,535.5
16,535
17,535.5
16,535
16,535
17,534.5
17,534.5
18,535
18,535
17,534.5
17,534.5
17,534.5
17,534.5
17,534.5
17,534.5
18,535
18,535
18,535
18,535
18,535
18,535
18,535
18,535
18,535
18,535
18,535
19,534.5
19,534.5
18,534
19,533.5
19,533.5
19,533.5
18,533
19,533.5
19,532.5
19,532.5
19,532.5
20,532
19,531.5
19,531.5
20,531
20,531
20,531
20,530
20,530
20,530
20,530
21,529.5
21,529.5
20,529
20,529
22,529
22,529
21,528.5
21,527.5
21,527.5
21,527.5
22,527
23,527.5
22,527
22,526
23,526.5
22,526
22,525
23,525.5
22,525
23,524.5
24,525
22,524
23,523.5
23,523.5
23,523.5
23,522.5
23,522.5
24,522
24,522
23,521.5
24,521
25,521.5
25,520.5
25,520.5
26,520
25,519.5
25,518.5
26,518
25,517.5
26,517
25,516.5
26,516
25,515.5
26,515
27,514.5
27,513.5
26,513
27,512.5
26,512
27,511.5
27,510.5
27,509.5
27,508.5
27,508.5
27,507.5
27,506.5
27,505.5
28,505
28,504
27,503.5
29,502.5
28,502
28,501
29,500.5
29,499.5
29,498.5
29,497.5
30,497
30,496
29,495.5
30,494
29,493.5
29,492.5
31,491.5
31,490.5
32,490
31,488.5
31,487.5
31,486.5
30,485
32,484
32,483
32,482
31,480.5
32,479
32,478
32,476
32,475
32,474
32,472
32,471
32,469
33,467.5
33,466.5
33,464.5
34,463
33,461.5
33,459.5
34,458
34,456
35,454.5
34,453
34,451
36,449
36,447
36,445
36,443
36,441
37,439.5
38,437
37,434.5
36,432
37,424.5
38,400
11,554.5
12,553
12,553
95,384.5
91,387.5
85,391.5
82,394
76,398
70,402
67,404.5
85,396.5
68,408
48,420
62,414
43,425.5
56,420
31,410.5
49,424.5
31,434.5
46,428
41,435.5
41,438.5
31,447.5
11,541.5
11,541.5
11,542.5
11,543.5
11,543.5
11,544.5
11,544.5
12,546
12,546
11,546.5
12,547
12,548
12,548
12,549
12,549
13,550.5
12,551
12,551
14,552
13,552.5
13,553.5
13,553.5
13,554.5
13,555.5
13,555.5
13,556.5
13,556.5
13,557.5
13,557.5
13,558.5
14,559
14,559
14,560
15,560.5
14,561
14,562
15,562.5
15,562.5
15,563.5
15,563.5
15,564.5
15,564.5
16,565
16,565
15,565.5
16,566
15,566.5
15,566.5
16,567
16,567
16,567
16,567
17,567.5
17,567.5
17,567.5
17,567.5
17,567.5
17,566.5
17,566.5
16,566
17,565.5
17,564.5
17,563.5
17,563.5
17,562.5
17,561.5
17,560.5
18,560
18,559
17,558.5
17,557.5
18,557
18,556
18,555
17,554.5
18,554
18,553
18,552
19,551.5
19,550.5
19,550.5
19,549.5
19,548.5
19,548.5
20,547
19,546.5
19,545.5
19,545.5
20,544
20,543
20,542
20,542
20,541
20,540
19,539.5
20,539
20,538
20,537
21,536.5
22,536
20,535
21,534.5
20,534
22,534
22,533
22,533
22,533
23,532.5
22,532
23,531.5
23,531.5
24,531
23,530.5
23,529.5
24,530
24,529
24,528
24,527
24,527
24,526
23,524.5
23,524.5
23,523.5
25,523.5
24,522
25,521.5
24,521
26,520
25,519.5
25,518.5
25,517.5
26,517
26,516
25,515.5
25,514.5
27,514.5
25,512.5
25,512.5
26,512
25,511.5
28,512
28,511
27,510.5
28,510
28,509
28,509
28,508
28,507
28,507
29,506.5
29,506.5
30,506
29,505.5
29,505.5
30,505
30,505
29,504.5
31,504.5
30,505
31,504.5
31,504.5
32,505
32,505
32,505
33,505.5
33,506.5
33,506.5
33,506.5
34,507
33,507.5
34,507
35,507.5
35,507.5
34,508
35,508.5
35,507.5
36,508
37,508.5
49,515.5
49,515.5
50,515
52,514
53,512.5
52,512
53,511.5
53,511.5
55,511.5
54,511
55,510.5
56,511
55,510.5
56,509
56,509
57,509.5
57,508.5
57,508.5
58,508
58,507
59,507.5
60,506
60,505
61,505.5
61,504.5
60,504
61,503.5
62,503
63,502.5
63,501.5
64,501
64,500
65,499.5
65,498.5
66,498
67,496.5
67,495.5
67,494.5
68,493
70,486
71,482.5
73,475.5
73,474.5
76,466
25,559.5
29,549.5
14,528
38,535
17,518.5
14,517
18,561
23,555.5
38,561
28,504
29,504.5
31,505.5
31,506.5
32,507
34,508
35,507.5
35,507.5
35,507.5
35,508.5
37,508.5
37,508.5
37,508.5
37,509.5
38,510
37,509.5
38,510
38,511
39,510.5
40,511
39,511.5
40,512
39,511.5
40,512
41,512.5
41,512.5
40,512
40,512
41,512.5
42,513
43,513.5
43,513.5
44,514
45,514.5
45,514.5
45,514.5
46,515
45,514.5
46,515
46,516
46,516
47,515.5
48,516
47,515.5
48,515
48,515
48,514
49,514.5
50,514
48,514
49,513.5
50,514
50,513
50,513
51,512.5
51,512.5
52,513
53,512.5
52,512
52,512
51,510.5
52,511
51,510.5
52,510
53,509.5
53,509.5
54,509
53,508.5
54,509
56,508
55,507.5
55,507.5
56,507
56,507
55,507.5
57,506.5
56,506
57,505.5
57,505.5
59,504.5
59,504.5
60,504
60,504
61,503.5
62,503
62,502
61,501.5
62,501
63,500.5
63,498.5
63,497.5
63,497.5
63,496.5
64,496
65,494.5
65,493.5
66,493
66,492
67,491.5
68,490
68,489
68,488
69,486.5
69,485.5
70,484
71,481.5
71,480.5
71,478.5
72,477
73,475.5
73,471.5
74,470
74,469
75,465.5
76,464
76,462
77,460.5
77,458.5
28,504
29,504.5
31,505.5
31,506.5
32,507
34,508
35,507.5
35,507.5
35,507.5
35,508.5
37,508.5
37,508.5
37,508.5
37,509.5
38,510
37,509.5
38,510
38,511
39,510.5
40,511
39,511.5
40,512
39,511.5
40,512
41,512.5
41,512.5
40,512
40,512
41,512.5
42,513
43,513.5
43,513.5
44,514
45,514.5
45,514.5
45,514.5
46,515
45,514.5
46,515
46,516
46,516
47,515.5
48,516
47,515.5
48,515
48,515
48,514
49,514.5
50,514
48,514
49,513.5
50,514
50,513
50,513
51,512.5
51,512.5
52,513
53,512.5
52,512
52,512
51,510.5
52,511
51,510.5
52,510
53,509.5
53,509.5
54,509
53,508.5
54,509
56,508
55,507.5
55,507.5
56,507
56,507
55,507.5
57,506.5
56,506
57,505.5
57,505.5
59,504.5
59,504.5
60,504
60,504
61,503.5
62,503
62,502
61,501.5
62,501
63,500.5
63,498.5
63,497.5
63,497.5
63,496.5
64,496
65,494.5
65,493.5
66,493
66,492
67,491.5
68,490
68,489
68,488
69,486.5
69,485.5
70,484
71,481.5
71,480.5
71,478.5
72,477
73,475.5
73,471.5
74,470
74,469
75,465.5
76,464
76,462
77,460.5
77,458.5
53,252.5
63,250.5
80,222
89,217.5
123,180.5
28,504
29,504.5
31,505.5
31,506.5
32,507
34,508
35,507.5
35,507.5
35,507.5
35,508.5
37,508.5
37,508.5
37,508.5
37,509.5
38,510
37,509.5
38,510
38,511
39,510.5
40,511
39,511.5
40,512
39,511.5
40,512
41,512.5
41,512.5
40,512
40,512
41,512.5
42,513
43,513.5
43,513.5
44,514
45,514.5
45,514.5
45,514.5
46,515
45,514.5
46,515
46,516
46,516
47,515.5
48,516
47,515.5
48,515
48,515
48,514
49,514.5
50,514
48,514
49,513.5
50,514
50,513
50,513
51,512.5
51,512.5
52,513
53,512.5
52,512
52,512
51,510.5
52,511
51,510.5
52,510
53,509.5
53,509.5
54,509
53,508.5
54,509
56,508
55,507.5
55,507.5
56,507
56,507
55,507.5
57,506.5
56,506
57,505.5
57,505.5
59,504.5
59,504.5
60,504
60,504
61,503.5
62,503
62,502
61,501.5
62,501
63,500.5
63,498.5
63,497.5
63,497.5
63,496.5
64,496
65,494.5
65,493.5
66,493
66,492
67,491.5
68,490
68,489
68,488
69,486.5
69,485.5
70,484
71,481.5
71,480.5
71,478.5
72,477
73,475.5
73,471.5
74,470
74,469
75,465.5
76,464
76,462
77,460.5
77,458.5
28,504
29,504.5
31,505.5
31,506.5
32,507
34,508
35,507.5
35,507.5
35,507.5
35,508.5
37,508.5
37,508.5
37,508.5
37,509.5
38,510
37,509.5
38,510
38,511
39,510.5
40,511
39,511.5
40,512
39,511.5
40,512
41,512.5
41,512.5
40,512
40,512
41,512.5
42,513
43,513.5
43,513.5
44,514
45,514.5
45,514.5
45,514.5
46,515
45,514.5
46,515
46,516
46,516
47,515.5
48,516
47,515.5
48,515
48,515
48,514
49,514.5
50,514
48,514
49,513.5
50,514
50,513
50,513
51,512.5
51,512.5
52,513
53,512.5
52,512
52,512
51,510.5
52,511
51,510.5
52,510
53,509.5
53,509.5
54,509
53,508.5
54,509
56,508
55,507.5
55,507.5
56,507
56,507
55,507.5
57,506.5
56,506
57,505.5
57,505.5
59,504.5
59,504.5
60,504
60,504
61,503.5
62,503
62,502
61,501.5
62,501
63,500.5
63,498.5
63,497.5
63,497.5
63,496.5
64,496
65,494.5
65,493.5
66,493
66,492
67,491.5
68,490
68,489
68,488
69,486.5
69,485.5
70,484
71,481.5
71,480.5
71,478.5
72,477
73,475.5
73,471.5
74,470
74,469
75,465.5
76,464
76,462
77,460.5
77,458.5
53,252.5
63,250.5
80,222
89,217.5
123,180.5
28,504
29,504.5
31,505.5
31,506.5
32,507
34,508
35,507.5
35,507.5
35,507.5
35,508.5
37,508.5
37,508.5
37,508.5
37,509.5
38,510
37,509.5
38,510
38,511
39,510.5
40,511
39,511.5
40,512
39,511.5
40,512
41,512.5
41,512.5
40,512
40,512
41,512.5
42,513
43,513.5
43,513.5
44,514
45,514.5
45,514.5
45,514.5
46,515
45,514.5
46,515
46,516
46,516
47,515.5
48,516
47,515.5
48,515
48,515
48,514
49,514.5
50,514
48,514
49,513.5
50,514
50,513
50,513
51,512.5
51,512.5
52,513
53,512.5
52,512
52,512
51,510.5
52,511
51,510.5
52,510
53,509.5
53,509.5
54,509
53,508.5
54,509
56,508
55,507.5
55,507.5
56,507
56,507
55,507.5
57,506.5
56,506
57,505.5
57,505.5
59,504.5
59,504.5
60,504
60,504
61,503.5
62,503
62,502
61,501.5
62,501
63,500.5
63,498.5
63,497.5
63,497.5
63,496.5
64,496
65,494.5
65,493.5
66,493
66,492
67,491.5
68,490
68,489
68,488
69,486.5
69,485.5
70,484
71,481.5
71,480.5
71,478.5
72,477
73,475.5
73,471.5
74,470
74,469
75,465.5
76,464
76,462
77,460.5
77,458.5
53,252.5
63,250.5
80,222
89,217.5
123,180.5
28,504
29,504.5
31,505.5
31,506.5
32,507
34,508
35,507.5
35,507.5
35,507.5
35,508.5
37,508.5
37,508.5
37,508.5
37,509.5
38,510
37,509.5
38,510
38,511
39,510.5
40,511
39,511.5
40,512
39,511.5
40,512
41,512.5
41,512.5
40,512
40,512
41,512.5
42,513
43,513.5
43,513.5
44,514
45,514.5
45,514.5
45,514.5
46,515
45,514.5
46,515
46,516
46,516
47,515.5
48,516
47,515.5
48,515
48,515
48,514
49,514.5
50,514
48,514
49,513.5
50,514
50,513
50,513
51,512.5
51,512.5
52,513
53,512.5
52,512
52,512
51,510.5
52,511
51,510.5
52,510
53,509.5
53,509.5
54,509
53,508.5
54,509
56,508
55,507.5
55,507.5
56,507
56,507
55,507.5
57,506.5
56,506
57,505.5
57,505.5
59,504.5
59,504.5
60,504
60,504
61,503.5
62,503
62,502
61,501.5
62,501
63,500.5
63,498.5
63,497.5
63,497.5
63,496.5
64,496
65,494.5
65,493.5
66,493
66,492
67,491.5
68,490
68,489
68,488
69,486.5
69,485.5
70,484
71,481.5
71,480.5
71,478.5
72,477
73,475.5
73,471.5
74,470
74,469
75,465.5
76,464
76,462
77,460.5
77,458.5
53,252.5
63,250.5
80,222
89,217.5
123,180.5
28,504
29,504.5
31,505.5
31,506.5
32,507
34,508
35,507.5
35,507.5
35,507.5
35,508.5
37,508.5
37,508.5
37,508.5
37,509.5
38,510
37,509.5
38,510
38,511
39,510.5
40,511
39,511.5
40,512
39,511.5
40,512
41,512.5
41,512.5
40,512
40,512
41,512.5
42,513
43,513.5
43,513.5
44,514
45,514.5
45,514.5
45,514.5
46,515
45,514.5
46,515
46,516
46,516
47,515.5
48,516
47,515.5
48,515
48,515
48,514
49,514.5
50,514
48,514
49,513.5
50,514
50,513
50,513
51,512.5
51,512.5
52,513
53,512.5
52,512
52,512
51,510.5
52,511
51,510.5
52,510
53,509.5
53,509.5
54,509
53,508.5
54,509
56,508
55,507.5
55,507.5
56,507
56,507
55,507.5
57,506.5
56,506
57,505.5
57,505.5
59,504.5
59,504.5
60,504
60,504
61,503.5
62,503
62,502
61,501.5
62,501
63,500.5
63,498.5
63,497.5
63,497.5
63,496.5
64,496
65,494.5
65,493.5
66,493
66,492
67,491.5
68,490
68,489
68,488
69,486.5
69,485.5
70,484
71,481.5
71,480.5
71,478.5
72,477
73,475.5
73,471.5
74,470
74,469
75,465.5
23,528.5
24,528
22,525
26,514
27,510.5
28,510
28,509
28,509
28,508
27,507.5
28,507
30,507
29,506.5
29,506.5
30,506
31,505.5
30,506
30,505
30,505
30,505
32,505
32,506
32,505
32,505
32,506
32,506
33,506.5
33,506.5
34,507
33,507.5
34,508
34,508
34,508
35,508.5
36,508
35,508.5
37,508.5
35,507.5
36,508
37,508.5
37,508.5
37,508.5
38,510
38,511
39,511.5
31,517.5
37,513.5
37,514.5
38,516
38,516
39,516.5
39,516.5
40,516
39,516.5
41,517.5
39,517.5
41,520.5
41,520.5
45,518.5
45,518.5
45,519.5
48,517
47,516.5
50,516
49,515.5
50,516
51,515.5
52,513
53,513.5
54,514
54,513
53,513.5
56,513
55,512.5
55,512.5
55,511.5
56,512
57,511.5
56,511
56,510
57,510.5
57,510.5
58,510
58,510
58,509
58,509
59,508.5
58,509
59,507.5
59,507.5
61,506.5
60,506
60,506
61,505.5
62,504
63,504.5
63,504.5
64,504
64,503
64,502
66,500
67,496.5
67,495.5
70,486
71,480.5
72,479
73,473.5
74,472
53,252.5
63,250.5
80,222
89,217.5
123,180.5
23,528.5
24,528
22,525
26,514
27,510.5
28,510
28,509
28,509
28,508
27,507.5
28,507
30,507
29,506.5
29,506.5
30,506
31,505.5
30,506
30,505
30,505
30,505
32,505
32,506
32,505
32,505
32,506
32,506
33,506.5
33,506.5
34,507
33,507.5
34,508
34,508
34,508
35,508.5
36,508
35,508.5
37,508.5
35,507.5
36,508
37,508.5
37,508.5
37,508.5
38,510
38,511
39,511.5
31,517.5
37,513.5
37,514.5
38,516
38,516
39,516.5
39,516.5
40,516
39,516.5
41,517.5
39,517.5
41,520.5
41,520.5
45,518.5
45,518.5
45,519.5
48,517
47,516.5
50,516
49,515.5
50,516
51,515.5
52,513
53,513.5
54,514
54,513
53,513.5
56,513
55,512.5
55,512.5
55,511.5
56,512
57,511.5
56,511
56,510
57,510.5
57,510.5
58,510
58,510
58,509
58,509
59,508.5
58,509
59,507.5
59,507.5
61,506.5
60,506
60,506
61,505.5
62,504
63,504.5
63,504.5
64,504
64,503
64,502
66,500
67,496.5
67,495.5
70,486
71,480.5
72,479
73,473.5
74,472
53,252.5
63,250.5
80,222
89,217.5
123,180.5
23,528.5
24,528
22,525
26,514
27,510.5
28,510
28,509
28,509
28,508
27,507.5
28,507
30,507
29,506.5
29,506.5
30,506
31,505.5
30,506
30,505
30,505
30,505
32,505
32,506
32,505
32,505
32,506
32,506
33,506.5
33,506.5
34,507
33,507.5
34,508
34,508
34,508
35,508.5
36,508
35,508.5
37,508.5
35,507.5
36,508
37,508.5
37,508.5
37,508.5
38,510
38,511
39,511.5
31,517.5
37,513.5
37,514.5
38,516
38,516
39,516.5
39,516.5
40,516
39,516.5
41,517.5
39,517.5
41,520.5
41,520.5
45,518.5
45,518.5
45,519.5
48,517
47,516.5
50,516
49,515.5
50,516
51,515.5
52,513
53,513.5
54,514
54,513
53,513.5
56,513
55,512.5
55,512.5
55,511.5
56,512
57,511.5
56,511
56,510
57,510.5
57,510.5
58,510
58,510
58,509
58,509
59,508.5
58,509
59,507.5
59,507.5
61,506.5
60,506
60,506
61,505.5
62,504
63,504.5
63,504.5
64,504
64,503
64,502
66,500
67,496.5
67,495.5
70,486
71,480.5
72,479
73,473.5
74,472
53,252.5
63,250.5
80,222
89,217.5
123,180.5
23,528.5
24,528
22,525
26,514
27,510.5
28,510
28,509
28,509
28,508
27,507.5
28,507
30,507
29,506.5
29,506.5
30,506
31,505.5
30,506
30,505
30,505
30,505
32,505
32,506
32,505
32,505
32,506
32,506
33,506.5
33,506.5
34,507
33,507.5
34,508
34,508
34,508
35,508.5
36,508
35,508.5
37,508.5
35,507.5
36,508
37,508.5
37,508.5
37,508.5
38,510
38,511
39,511.5
31,517.5
37,513.5
37,514.5
38,516
38,516
39,516.5
39,516.5
40,516
39,516.5
41,517.5
39,517.5
41,520.5
41,520.5
45,518.5
45,518.5
45,519.5
48,517
47,516.5
50,516
49,515.5
50,516
51,515.5
52,513
53,513.5
54,514
54,513
53,513.5
56,513
55,512.5
55,512.5
55,511.5
56,512
57,511.5
56,511
56,510
57,510.5
57,510.5
58,510
58,510
58,509
58,509
59,508.5
58,509
59,507.5
59,507.5
61,506.5
60,506
60,506
61,505.5
62,504
63,504.5
63,504.5
64,504
64,503
64,502
66,500
67,496.5
67,495.5
70,486
71,480.5
72,479
73,473.5
74,472
53,252.5
63,250.5
80,222
89,217.5
123,180.5
23,528.5
24,528
22,525
26,514
27,510.5
28,510
28,509
28,509
28,508
27,507.5
28,507
30,507
29,506.5
29,506.5
30,506
31,505.5
30,506
30,505
30,505
30,505
32,505
32,506
32,505
32,505
32,506
32,506
33,506.5
33,506.5
34,507
33,507.5
34,508
34,508
34,508
35,508.5
36,508
35,508.5
37,508.5
35,507.5
36,508
37,508.5
37,508.5
37,508.5
38,510
38,511
39,511.5
31,517.5
37,513.5
37,514.5
38,516
38,516
39,516.5
39,516.5
40,516
39,516.5
41,517.5
39,517.5
41,520.5
41,520.5
45,518.5
45,518.5
45,519.5
48,517
47,516.5
50,516
49,515.5
50,516
51,515.5
52,513
53,513.5
54,514
54,513
53,513.5
56,513
55,512.5
55,512.5
55,511.5
56,512
57,511.5
56,511
56,510
57,510.5
57,510.5
58,510
58,510
58,509
58,509
59,508.5
58,509
59,507.5
59,507.5
61,506.5
60,506
60,506
61,505.5
62,504
63,504.5
63,504.5
64,504
64,503
64,502
66,500
67,496.5
67,495.5
70,486
71,480.5
72,479
73,473.5
74,472
53,252.5
63,250.5
80,222
89,217.5
123,180.5
104,211
88,203
60,514
35,472.5
26,564
39,482.5
25,564.5
40,483
41,556.5
25,475.5
35,564.5
27,480.5
37,564.5
31,474.5
37,563.5
47,531.5
46,531
72,243
26,488
52,385
30,482
41,426.5
64,335
114,193
19,496.5
45,443.5
62,350
105,197.5
22,567
35,488.5
36,422
48,359
70,334
109,202.5
22,567
34,488
25,442.5
47,371.5
69,348.5
87,327.5
86,226
42,547
39,456.5
52,434
46,358
80,335
78,230
42,529
17,479.5
36,432
43,370.5
84,340
26,487
23,455.5
39,444.5
62,351
30,464
37,363.5
61,344.5
59,518.5
70,417
46,345
49,331.5
28,477
26,415
62,353
66,340
42,540
35,453.5
77,360.5
77,345.5
44,545
41,456.5
73,362.5
77,345.5
54,463
74,362
78,345
47,467.5
91,352.5
32,558
25,493.5
54,471
88,354
98,328
16,497
49,422.5
63,348.5
82,238
15,498.5
49,422.5
43,360.5
41,343.5
59,281.5
80,243
40,553
43,484.5
45,469.5
38,385
40,364
43,304.5
110,258
32,495
56,378
70,356
72,249
36,497
58,382
41,555.5
25,495.5
49,386.5
22,504
27,400.5
42,378
28,401
43,378.5
71,450.5
88,356
92,194
24,498
40,435
46,423
99,339.5
92,305
68,349
63,374.5
116,265
49,454.5
129,166.5
82,208
40,403
65,278.5
35,407.5
61,293.5
121,163.5
50,400
52,296
73,197.5
55,428.5
82,400
74,313
97,286.5
32,463
60,433
35,352.5
41,338.5
92,243
99,213.5
31,473.5
57,447.5
54,322
51,292.5
93,193.5
16,495
17,486.5
49,324.5
78,279
92,238
42,484
47,338.5
93,286.5
38,338
93,252.5
35,510.5
52,343
92,292
29,487.5
80,447
93,324.5
25,491.5
39,436.5
42,359
63,326.5
34,444
57,348.5
98,238
55,357.5
116,237
91,348.5
93,220.5
33,459.5
43,404.5
85,211.5
23,462.5
38,377
53,315.5
128,183
72,371
59,517.5
48,403
46,416
41,479.5
45,413.5
25,499.5
44,418
45,347.5
36,429
53,420.5
72,424
110,223
67,441.5
66,275
93,244.5
67,231.5
72,232
57,339.5
68,234
57,339.5
99,301.5
59,397.5
109,298.5
55,395.5
60,383
114,206
50,353
100,313
27,409.5
72,267
48,420
85,281.5
81,287.5
81,321.5
87,193.5
105,234.5
60,293
59,369.5
87,266.5
52,408
46,421
64,327
72,226
73,195.5
43,387.5
95,260.5
118,250
60,365
82,246
43,339.5
102,227
32,355
104,261
33,353.5
110,174
86,238
36,378
37,379.5
36,379
49,371.5
49,371.5
48,371
87,349.5
77,355.5
111,261.5
38,381
48,303
78,354
96,239
74,469
80,256
54,261
68,215
54,268
67,245.5
55,265.5
53,250.5
59,265.5
71,252.5
79,232.5
117,194.5
108,290
101,283.5
58,333
75,298.5
93,181.5
116,162
41,315.5
55,281.5
68,254
83,291.5
56,310
57,281.5
120,177
72,409
43,326.5
43,303.5
60,260
60,230
47,346.5
42,325
57,259.5
57,245.5
122,188
48,346
46,327
56,255
48,346
46,327
48,346
48,326
59,342.5
65,318.5
47,327.5
53,293.5
131,166.5
79,232.5
90,217
100,187
47,283.5
68,231
126,169
120,178
119,176.5
93,209.5
99,189.5
122,181
91,183.5
86,187
30,379
94,187
130,168
128,186
105,176.5
51,269.5
108,217
115,186.5
45,325.5
48,307
85,206.5
128,168
41,339.5
81,186.5
107,312.5
56,379
128,183
29,392.5
47,354.5
38,388
36,403
33,349.5
51,346.5
108,160
110,181
127,182.5
103,214.5
102,207
88,196
104,163
89,202.5
85,204.5
112,223
121,219.5
43,301.5
76,205
46,351
96,203
81,182.5
79,183.5
116,168
39,485.5
48,455
39,487.5
37,473.5
38,463
50,404
41,419.5
76,193
101,203.5
48,271
54,256
59,289.5
50,270
77,190.5
58,297
55,272.5
105,207.5
117,170.5
51,257.5
116,206
60,276
75,245.5
119,204.5
50,290
74,246
101,197.5
107,240.5
104,166
103,176.5
77,195.5
96,210
118,213
121,226.5
91,204.5
114,160
68,225
34,508
34,508
35,508.5
36,508
35,508.5
37,508.5
35,507.5
36,508
37,508.5
37,508.5
37,508.5
38,510
38,511
39,511.5
41,512.5
37,513.5
37,514.5
38,516
38,516
39,516.5
39,516.5
40,516
39,516.5
41,517.5
39,517.5
41,520.5
41,520.5
45,518.5
45,518.5
45,519.5
48,517
47,516.5
50,516
49,515.5
50,516
51,515.5
52,513
53,513.5
54,514
54,513
53,513.5
56,513
55,512.5
55,512.5
55,511.5
56,512
57,511.5
56,511
56,510
57,510.5
57,510.5
58,510
58,510
58,509
58,509
59,508.5
58,509
59,507.5
59,507.5
61,506.5
60,506
60,506
61,505.5
62,504
63,504.5
63,504.5
64,504
64,503
64,502
66,500
67,496.5
67,495.5
70,486
71,480.5
72,479
73,473.5
74,472
60,514
49,526.5
49,527.5
56,518
72,243
64,443
89,258.5
42,547
73,371.5
36,432
51,323.5
56,472
74,288
86,274
72,276
92,305
68,349
65,278.5
66,357
105,322.5
70,384
92,292
48,480
34,444
57,348.5
90,340
86,340
78,435
59,517.5
70,405
72,424
110,223
67,441.5
66,275
97,203.5
88,200
114,206
65,295.5
63,263.5
43,387.5
118,250
87,349.5
77,355.5
111,261.5
73,363.5
78,354
108,290
101,283.5
75,298.5
82,295
83,291.5
85,295.5
50,288
85,261.5
100,187
108,217
92,175
92,273
85,301.5
47,354.5
20,543
21,542.5
21,541.5
22,541
20,540
21,539.5
21,538.5
22,538
22,537
22,537
22,536
23,535.5
22,535
22,534
23,533.5
24,533
24,533
23,531.5
24,530
24,530
25,528.5
25,527.5
25,526.5
25,525.5
25,524.5
25,523.5
26,523
25,521.5
26,521
26,520
26,519
27,518.5
27,517.5
28,517
26,516
27,515.5
27,514.5
27,514.5
27,513.5
27,512.5
29,511.5
28,511
29,510.5
28,509
28,508
30,507
29,506.5
31,504.5
45,515.5
46,515
26,442
67,491.5
70,485
71,483.5
70,482
70,480
70,477
75,466.5
86,424
34,508
34,508
35,508.5
36,508
35,508.5
37,508.5
35,507.5
36,508
37,508.5
37,508.5
37,508.5
38,510
38,511
39,511.5
41,512.5
37,513.5
37,514.5
38,516
38,516
39,516.5
39,516.5
40,516
39,516.5
41,517.5
39,517.5
41,520.5
41,520.5
45,518.5
45,518.5
45,519.5
48,517
47,516.5
50,516
49,515.5
50,516
51,515.5
52,513
53,513.5
54,514
54,513
53,513.5
56,513
55,512.5
55,512.5
55,511.5
56,512
57,511.5
56,511
56,510
57,510.5
57,510.5
58,510
58,510
58,509
58,509
59,508.5
58,509
59,507.5
59,507.5
61,506.5
60,506
60,506
61,505.5
62,504
63,504.5
63,504.5
64,504
64,503
64,502
66,500
67,496.5
67,495.5
70,486
71,480.5
72,479
73,473.5
74,472
42,513
43,513.5
44,514
45,514.5
45,514.5
45,514.5
46,515
46,516
46,516
47,515.5
48,516
47,515.5
48,515
48,514
49,514.5
50,514
48,514
49,513.5
50,514
50,513
50,513
51,512.5
51,512.5
52,513
53,512.5
52,512
52,512
51,510.5
52,511
51,510.5
52,510
53,509.5
53,509.5
54,509
53,508.5
54,509
56,508
55,507.5
55,507.5
56,507
56,507
55,507.5
57,506.5
56,506
57,505.5
57,505.5
59,504.5
59,504.5
60,504
60,504
61,503.5
62,503
62,502
61,501.5
62,501
63,500.5
63,498.5
63,497.5
63,497.5
63,496.5
64,496
65,494.5
65,493.5
66,493
66,492
67,491.5
68,490
68,489
68,488
69,486.5
69,485.5
70,484
71,481.5
71,480.5
71,478.5
72,477
73,475.5
73,471.5
60,514
49,526.5
49,527.5
56,518
72,243
64,443
89,258.5
42,547
73,371.5
36,432
51,323.5
56,472
74,288
86,274
72,276
92,305
68,349
65,278.5
66,357
105,322.5
70,384
92,292
48,480
34,444
57,348.5
90,340
86,340
78,435
59,517.5
70,405
72,424
110,223
67,441.5
66,275
97,203.5
88,200
114,206
65,295.5
63,263.5
43,387.5
118,250
87,349.5
77,355.5
111,261.5
73,363.5
78,354
108,290
101,283.5
75,298.5
82,295
83,291.5
85,295.5
50,288
85,261.5
100,187
108,217
92,175
92,273
85,301.5
47,354.5
106,262
77,195.5
121,226.5
114,160
123,163.5
42,513
43,513.5
44,514
45,514.5
45,514.5
45,514.5
46,515
46,516
46,516
47,515.5
48,516
47,515.5
48,515
42,513
43,513.5
44,514
45,514.5
45,514.5
45,514.5
46,515
46,516
46,516
47,515.5
48,516
47,515.5
48,515
48,514
49,514.5
50,514
48,514
49,513.5
50,514
50,513
50,513
51,512.5
51,512.5
52,513
53,512.5
52,512
52,512
51,510.5
52,511
51,510.5
52,510
53,509.5
53,509.5
54,509
53,508.5
54,509
56,508
55,507.5
55,507.5
56,507
56,507
55,507.5
57,506.5
56,506
57,505.5
57,505.5
59,504.5
59,504.5
60,504
60,504
61,503.5
62,503
62,502
61,501.5
62,501
63,500.5
63,498.5
63,497.5
63,497.5
63,496.5
64,496
65,494.5
65,493.5
66,493
66,492
67,491.5
68,490
68,489
68,488
69,486.5
69,485.5
70,484
71,481.5
71,480.5
71,478.5
72,477
73,475.5
73,471.5
42,513
43,513.5
44,514
45,514.5
45,514.5
45,514.5
46,515
46,516
46,516
47,515.5
48,516
47,515.5
48,515
48,514
49,514.5
50,514
48,514
49,513.5
50,514
50,513
50,513
51,512.5
51,512.5
52,513
53,512.5
52,512
52,512
51,510.5
52,511
51,510.5
52,510
53,509.5
53,509.5
54,509
53,508.5
54,509
56,508
55,507.5
55,507.5
56,507
56,507
55,507.5
57,506.5
56,506
57,505.5
57,505.5
59,504.5
59,504.5
60,504
60,504
61,503.5
62,503
62,502
61,501.5
62,501
63,500.5
63,498.5
63,497.5
63,497.5
63,496.5
64,496
65,494.5
65,493.5
66,493
66,492
67,491.5
68,490
68,489
68,488
69,486.5
69,485.5
70,484
71,481.5
71,480.5
71,478.5
72,477
73,475.5
73,471.5
42,513
43,513.5
44,514
45,514.5
45,514.5
45,514.5
46,515
46,516
46,516
47,515.5
48,516
47,515.5
48,515
48,514
49,514.5
50,514
48,514
49,513.5
50,514
50,513
50,513
51,512.5
51,512.5
52,513
53,512.5
52,512
52,512
51,510.5
52,511
51,510.5
52,510
53,509.5
53,509.5
54,509
53,508.5
54,509
56,508
55,507.5
55,507.5
56,507
56,507
55,507.5
57,506.5
56,506
57,505.5
57,505.5
59,504.5
59,504.5
60,504
60,504
61,503.5
62,503
62,502
61,501.5
62,501
63,500.5
63,498.5
63,497.5
63,497.5
63,496.5
64,496
65,494.5
65,493.5
66,493
66,492
67,491.5
68,490
68,489
68,488
69,486.5
69,485.5
70,484
71,481.5
71,480.5
71,478.5
72,477
73,475.5
73,471.5
60,514
49,526.5
49,527.5
56,518
72,243
64,443
89,258.5
42,547
73,371.5
36,432
51,323.5
56,472
74,288
86,274
72,276
92,305
68,349
65,278.5
66,357
105,322.5
70,384
92,292
48,480
34,444
57,348.5
90,340
86,340
78,435
59,517.5
70,405
72,424
110,223
67,441.5
66,275
97,203.5
88,200
114,206
65,295.5
63,263.5
43,387.5
118,250
87,349.5
77,355.5
111,261.5
73,363.5
78,354
108,290
101,283.5
75,298.5
82,295
83,291.5
85,295.5
50,288
85,261.5
100,187
108,217
92,175
92,273
85,301.5
47,354.5
